0.113407 11028.49502082
0.113784 11022.96038947
0.114161 11017.59886247
0.114538 11012.41021687
0.114915 11007.39423787
0.115292 11002.55071897
0.115669 10997.87946210
0.116046 10993.38027774
0.116422 10989.05298509
0.116799 10984.89741213
0.117176 10980.91339579
0.117553 10977.10078217
0.117930 10973.45942621
0.118306 10969.98919248
0.118683 10966.68995485
0.119060 10963.56159672
0.119437 10960.60401112
0.119813 10957.81710084
0.120190 10955.20077851
0.120567 10952.75496677
0.120943 10950.47959830
0.121320 10948.37461600
0.121697 10946.43997303
0.122073 10944.67563299
0.122450 10943.08156996
0.122827 10941.65776864
0.123203 10940.40422445
0.123580 10939.32094363
0.123957 10938.40794335
0.124333 10937.66525179
0.124710 10937.09290829
0.125086 10936.69096342
0.125463 10936.45947909
0.125840 10936.39852866
0.126216 10936.50819702
0.126593 10936.78858075
0.126969 10937.23978817
0.127346 10937.86193948
0.127722 10938.65516684
0.128099 10939.61961449
0.128475 10940.75543887
0.128852 10942.06280870
0.129228 10943.54190511
0.129605 10945.19292175
0.129981 10947.01606489
0.130358 10949.01155353
0.130734 10951.17961952
0.131110 10953.52050768
0.131487 10956.03447590
0.131863 10958.72179528
0.132240 10961.58275021
0.132616 10964.61763853
0.132992 10967.82677162
0.133369 10971.21047454
0.133745 10974.76908613
0.134121 10978.50295918
0.134498 10982.41246039
0.134874 10986.49797100
0.135250 10990.75988620
0.135627 10995.19861575
0.136003 10999.81458397
0.136379 11004.60822991
0.136755 11009.58000746
0.137131 11014.73038548
0.137508 11020.05984800
0.137884 11025.56889432
0.138260 11031.25803913
0.138636 11037.12781275
0.139012 11041.84366379
0.139389 11044.79959287
0.139765 11047.93874250
0.140141 11051.26087922
0.140517 11054.76579100
0.140893 11058.45328702
0.141269 11062.32319744
0.141645 11066.37537318
0.142021 11070.60968572
0.142397 11075.02602690
0.142774 11079.62430856
0.143150 11084.40446297
0.143526 11089.36644175
0.143902 11094.51021631
0.144278 11099.83577751
0.144654 11105.34313553
0.145030 11111.03231966
0.145406 11116.90337826
0.145782 11122.95637851
0.146157 11129.19140634
0.146533 11135.60856629
0.146909 11142.20798138
0.147285 11148.98979300
0.147661 11155.95416081
0.148037 11163.10126260
0.148413 11170.43129423
0.148789 11177.94446949
0.149165 11185.64102008
0.149540 11193.52119542
0.149916 11201.58526268
0.150292 11209.83350662
0.150668 11218.26622955
0.151044 11226.88375126
0.151419 11235.68640869
0.151795 11244.67455693
0.152171 11253.84856758
0.152547 11263.20882973
0.152922 11272.75574969
0.153298 11282.48975091
0.153674 11292.41127396
0.154049 11302.52077646
0.154425 11312.81873310
0.154801 11323.30563555
0.155176 11333.98199247
0.155552 11344.84832948
0.155928 11355.90518912
0.156303 11367.15313087
0.156679 11378.59273107
0.157054 11390.22458297
0.157430 11402.04929670
0.157805 11414.06749925
0.158181 11426.27983446
0.158556 11438.68696305
0.158932 11451.28956259
0.159307 11464.08832752
0.159683 11477.08396874
0.160058 11490.27721521
0.160434 11503.66881160
0.160809 11517.25951986
0.161185 11531.05011885
0.161560 11545.04140435
0.161935 11559.23418909
0.162311 11573.62930273
0.162686 11588.22759193
0.163062 11603.02992034
0.163437 11618.03716864
0.163812 11633.25023454
0.164188 11648.67003285
0.164563 11664.29749544
0.164938 11680.13357136
0.165313 11696.17922678
0.165689 11712.43544507
0.166064 11728.90322683
0.166439 11745.58358991
0.166814 11762.47756945
0.167189 11779.58621791
0.167565 11796.91060510
0.167940 11814.45181772
0.168315 11832.21096145
0.168690 11850.18915787
0.169065 11868.38754660
0.169440 11886.80728478
0.169815 11905.44954714
0.170191 11924.31552601
0.170566 11943.40643139
0.170941 11962.72349095
0.171316 11982.26795008
0.171691 12002.04107194
0.172066 12022.04413747
0.172441 12042.27844547
0.172816 12062.74531256
0.173191 12083.44607328
0.173566 12104.38208009
0.173941 12125.55470342
0.174315 12146.96533168
0.174690 12168.61537128
0.175065 12190.50624669
0.175440 12212.63940044
0.175815 12235.01629316
0.176190 12257.63840357
0.176565 12280.50722784
0.176940 12303.62428236
0.177314 12326.99109959
0.177689 12350.60923089
0.178064 12374.48024574
0.178439 12398.60573187
0.178813 12422.98729513
0.179188 12447.62655960
0.179563 12472.52516753
0.179938 12497.68477932
0.180312 12523.10707355
0.180687 12548.79374693
0.181062 12574.74651429
0.181436 12600.96710855
0.181811 12627.45728070
0.182185 12654.21879974
0.182560 12681.25345267
0.182935 12708.56304441
0.183309 12736.14939776
0.183684 12764.01435335
0.184058 12792.15976957
0.184433 12820.58752248
0.184807 12849.29950489
0.185182 12878.29762968
0.185556 12907.58382460
0.185931 12937.16003556
0.186305 12967.02822567
0.186679 12997.19037512
0.187054 13027.64848105
0.187428 13058.40455742
0.187803 13089.46063483
0.188177 13120.81876039
0.188551 13152.48099756
0.188926 13184.44942590
0.189300 13216.72614097
0.189674 13249.31325405
0.190048 13282.21289196
0.190423 13315.42719681
0.190797 13348.95832578
0.191171 13382.80845082
0.191545 13416.97975842
0.191920 13451.47444930
0.192294 13486.29473810
0.192668 13521.44285307
0.193042 13556.92103467
0.193416 13592.73153946
0.193790 13628.87663339
0.194164 13665.35859558
0.194538 13702.17971694
0.194912 13739.34229965
0.195286 13776.84865678
0.195661 13814.70111181
0.196035 13852.90199807
0.196409 13891.45365832
0.196782 13930.35844414
0.197156 13969.61871540
0.197530 14009.23683965
0.197904 14049.21519152
0.198278 14089.55615207
0.198652 14130.26210813
0.199026 14171.33545159
0.199400 14212.77857869
0.199774 14254.59388924
0.200148 14296.78378584
0.200521 14339.35067308
0.200895 14382.29695666
0.201269 14425.62504250
0.201643 14469.33733452
0.202016 14513.43623892
0.202390 14557.92415532
0.202764 14602.80348098
0.203137 14648.07660836
0.203511 14693.74592408
0.203885 14739.81380770
0.204258 14786.28263055
0.204632 14833.15475447
0.205006 14880.43253053
0.205379 14928.11829768
0.205753 14976.21438137
0.206126 15024.72309212
0.206500 15073.64672402
0.206873 15122.98755317
0.207247 15172.74783616
0.207620 15222.92980832
0.207994 15273.53568210
0.208367 15324.56764526
0.208741 15376.02785905
0.209114 15427.91845636
0.209487 15480.24153973
0.209861 15532.99917776
0.210234 15586.19340940
0.210608 15639.82623228
0.210981 15693.89960685
0.211354 15748.41545247
0.211727 15803.37564510
0.212101 15858.78201486
0.212474 15914.63634351
0.212847 15970.94036187
0.213220 16027.69574718
0.213594 16084.90412033
0.213967 16142.56704305
0.214340 16200.68601503
0.214713 16259.26247087
0.215086 16318.29777704
0.215459 16377.79322873
0.215832 16437.75004653
0.216205 16498.16937313
0.216578 16559.05226986
0.216951 16620.39971315
0.217324 16682.21259091
0.217697 16744.49169876
0.218070 16807.23773434
0.218443 16870.45130090
0.218816 16934.13289197
0.219189 16998.28289476
0.219562 17062.90158399
0.219935 17127.98911759
0.220308 17193.54553219
0.220681 17259.57073858
0.221054 17326.06451702
0.221426 17393.02651246
0.221799 17460.45622963
0.222172 17528.35302802
0.222545 17596.71611676
0.222917 17665.54454940
0.223290 17734.83721852
0.223663 17804.59285028
0.224035 17874.80999883
0.224408 17945.48704064
0.224781 18016.62216867
0.225153 18088.21338642
0.225526 18160.25850196
0.225898 18232.75512171
0.226271 18305.70064426
0.226644 18379.09225170
0.227016 18452.92691205
0.227389 18527.20135942
0.227761 18601.91209611
0.228134 18677.05538365
0.228506 18752.62723592
0.228878 18828.62341211
0.229251 18905.03940971
0.229623 18981.87045726
0.229996 19059.11150718
0.230368 19136.75722836
0.230740 19214.80199878
0.231112 19293.23989800
0.231485 19372.06469964
0.231857 19451.26986371
0.232229 19530.84852899
0.232601 19610.79350525
0.232974 19691.09726556
0.233346 19771.75193843
0.233718 19852.74930001
0.234090 19934.08076629
0.234462 20015.73738519
0.234834 20097.70982630
0.235207 20179.98838286
0.235579 20262.56294925
0.235951 20345.42302301
0.236323 20428.55769466
0.236695 20511.95564005
0.237067 20595.60511276
0.237439 20679.49393663
0.237811 20763.60949830
0.238182 20847.93873998
0.238554 20932.46815229
0.238926 21017.18376724
0.239298 21102.07115142
0.239670 21187.11539932
0.240042 21272.30112695
0.240414 21357.61246554
0.240785 21443.03305565
0.241157 21528.54604136
0.241529 21614.13406492
0.241901 21699.77926159
0.242272 21785.46325486
0.242644 21871.16715198
0.243016 21956.87153737
0.243387 22042.55647918
0.243759 22128.20151068
0.244130 22213.78563768
0.244502 22299.28733371
0.244874 22384.68453816
0.245245 22469.95465497
0.245617 22555.07455193
0.245988 22640.02056052
0.246360 22724.76847631
0.246731 22809.29356009
0.247102 22893.57053958
0.247474 22977.57361187
0.247845 23061.27644659
0.248217 23144.65218977
0.248588 23227.67346849
0.248959 23310.31239637
0.249331 23392.54057982
0.249702 23474.32912516
0.250073 23555.64864662
0.250444 23636.46927524
0.250816 23716.76066866
0.251187 23796.49202188
0.251558 23875.63207661
0.251929 23954.14914343
0.252300 24032.01110124
0.252671 24109.18542153
0.253042 24185.63918167
0.253413 24261.33908177
0.253785 24336.25146252
0.254156 24410.34232407
0.254527 24483.57734612
0.254898 24555.92190893
0.255269 24627.34111551
0.255639 24697.79981494
0.256010 24767.26262664
0.256381 24835.69396586
0.256752 24903.05807016
0.257123 24969.31902700
0.257494 25034.44080234
0.257865 25098.38727033
0.258235 25161.12224399
0.258606 25222.60950683
0.258977 25282.81284556
0.259348 25341.69608358
0.259718 25399.22311385
0.260089 25455.35794099
0.260460 25510.06470718
0.260830 25563.30773599
0.261201 25615.05156839
0.261571 25665.26100105
0.261942 25713.90112536
0.262313 25760.93736702
0.262683 25806.33552606
0.263054 25850.06181742
0.263424 25892.08291177
0.263794 25932.36597676
0.264165 25970.87871837
0.264535 26007.58942256
0.264906 26042.46699681
0.265276 26075.48101183
0.265646 26106.60174300
0.266017 26135.80021178
0.266387 26163.04822670
0.266757 26188.31842410
0.267128 26211.58430834
0.267498 26232.82029147
0.267868 26252.00173175
0.268238 26269.10497417
0.268608 26284.10738443
0.268978 26296.98738788
0.269349 26307.72450438
0.269719 26316.29938271
0.270089 26322.69383374
0.270459 26326.89086232
0.270829 26328.87469779
0.271199 26328.63082298
0.271569 26326.14600171
0.271939 26321.40830461
0.272309 26314.40713327
0.272679 26305.13324253
0.273048 26293.57876104
0.273418 26279.73720979
0.273788 26263.60351871
0.274158 26245.17404123
0.274528 26224.44656676
0.274897 26201.42033105
0.275267 26176.09602438
0.275637 26148.47579752
0.276007 26118.56326552
0.276376 26086.36351020
0.276746 26051.88307548
0.277116 26015.12997018
0.277485 25976.11365890
0.277855 25934.84505540
0.278224 25891.33651282
0.278594 25845.60181160
0.278963 25797.65614523
0.279333 25747.51610380
0.279702 25695.19965541
0.280072 25640.72612544
0.280441 25584.11617386
0.280810 25525.39177041
0.281180 25464.57616795
0.281549 25401.69387385
0.281918 25336.77061961
0.282288 25269.83332879
0.282657 25200.91008319
0.283026 25130.03008754
0.283396 25057.22363269
0.283765 24982.52205738
0.284134 24905.95770874
0.284503 24827.56390395
0.284872 24747.37487899
0.285241 24665.42575990
0.285610 24581.75250972
0.285979 24496.39188630
0.286348 24409.38139706
0.286717 24320.75925323
0.287086 24230.56432353
0.287455 24138.83608748
0.287824 24045.61458848
0.288193 23950.94038667
0.288562 23854.85451169
0.288931 23757.39841556
0.289300 23658.61392554
0.289669 23558.54319730
0.290037 23457.22866841
0.290406 23354.71301212
0.290775 23251.03909173
0.291143 23146.24991546
0.291512 23040.38859198
0.291881 22933.49828666
0.292249 22825.62217860
0.292618 22716.80341852
0.292987 22607.08509087
0.293355 22496.51016049
0.293724 22385.12145306
0.294092 22272.96160398
0.294461 22160.07302466
0.294829 22046.49786671
0.295198 21932.27798740
0.295566 21817.45491634
0.295934 21702.06982339
0.296303 21586.16348793
0.296671 21469.77626948
0.297039 21352.94807950
0.297408 21235.71835477
0.297776 21118.12603193
0.298144 21000.20952349
0.298512 20882.00669520
0.298881 20763.55484476
0.299249 20644.89068188
0.299617 20526.05030975
0.299985 20407.06920779
0.300353 20287.98221579
0.300721 20168.82351929
0.301089 20049.62663985
0.301457 19930.42440884
0.301825 19811.24897796
0.302193 19692.13179552
0.302561 19573.10360160
0.302929 19454.19442088
0.303297 19335.43355657
0.303665 19216.84958550
0.304032 19098.47035422
0.304400 18980.32297613
0.304768 18862.43382969
0.305136 18744.82855751
0.305503 18627.53206644
0.305871 18510.56852846
0.306239 18393.96138254
0.306606 18277.73333724
0.306974 18161.90637411
0.307342 18046.50175183
0.307709 17931.54001107
0.308077 17817.04098002
0.308444 17703.02378053
0.308812 17589.50683485
0.309179 17476.50787635
0.309547 17364.04394380
0.309914 17252.13141002
0.310281 17140.78597709
0.310649 17030.02268896
0.311016 16919.85594105
0.311383 16810.29949016
0.311751 16701.36646480
0.312118 16593.06937575
0.312485 16485.42012685
0.312852 16378.43002618
0.313219 16272.10979728
0.313586 16166.46959064
0.313954 16061.51899538
0.314321 15957.26705099
0.314688 15853.72225925
0.315055 15750.89259618
0.315422 15648.78552414
0.315789 15547.40800388
0.316156 15446.76650670
0.316523 15346.86702657
0.316890 15247.71509231
0.317256 15149.31577965
0.317623 15051.67372623
0.317990 14954.79313198
0.318357 14858.67778858
0.318724 14763.33107961
0.319090 14668.75599529
0.319457 14574.95514417
0.319824 14481.93076462
0.320190 14389.68473635
0.320557 14298.21859168
0.320924 14207.53352668
0.321290 14117.63041221
0.321657 14028.50980479
0.322023 13940.17195726
0.322390 13852.61682933
0.322756 13765.84409792
0.323123 13679.85316734
0.323489 13594.64317930
0.323855 13510.21302269
0.324222 13426.56134322
0.324588 13343.68655281
0.324954 13261.58683891
0.325321 13180.26017344
0.325687 13099.70432410
0.326053 13019.91685339
0.326419 12940.89514149
0.326785 12862.63638490
0.327152 12785.13760688
0.327518 12708.39566531
0.327884 12632.40726038
0.328250 12557.16894203
0.328616 12482.67711725
0.328982 12408.92805712
0.329348 12335.91790375
0.329714 12263.64267693
0.330080 12192.09828070
0.330445 12121.28050962
0.330811 12051.18505494
0.331177 11981.80751059
0.331543 11913.14337890
0.331909 11845.18807630
0.332274 11777.93693866
0.332640 11711.38522666
0.333006 11645.52813080
0.333371 11580.36077640
0.333737 11515.87823027
0.334103 11452.07549763
0.334468 11388.94753817
0.334834 11326.48926261
0.335199 11264.69553881
0.335565 11203.56119577
0.335930 11143.08102755
0.336296 11083.24979697
0.336661 11024.06223923
0.337026 10965.51306539
0.337392 10907.59696568
0.337757 10850.30861276
0.338122 10793.64266476
0.338488 10737.59376833
0.338853 10682.15656139
0.339218 10627.32567600
0.339583 10573.09574087
0.339948 10519.46138399
0.340313 10466.41723496
0.340679 10413.95792739
0.341044 10362.07810107
0.341409 10310.77240412
0.341774 10260.03549498
0.342139 10209.86204593
0.342503 10160.24673886
0.342868 10111.18427611
0.343233 10062.66937611
0.343598 10014.69677652
0.343963 9967.26123573
0.344328 9920.35753433
0.344692 9873.98047651
0.345057 9828.12489135
0.345422 9782.78563406
0.345787 9737.95758722
0.346151 9693.63566180
0.346516 9649.81479832
0.346880 9606.48996776
0.347245 9563.65617257
0.347609 9521.30844750
0.347974 9479.44186049
0.348338 9438.05151339
0.348703 9397.13254275
0.349067 9356.68012047
0.349432 9316.68945445
0.349796 9277.15578920
0.350160 9238.07440752
0.350525 9199.44062640
0.350889 9161.24980448
0.351253 9123.49733778
0.351617 9086.17866133
0.351981 9049.28924947
0.352346 9012.82461625
0.352710 8976.78031568
0.353074 8941.15194203
0.353438 8905.93513003
0.353802 8871.12555517
0.354166 8836.71893378
0.354530 8802.71102326
0.354894 8769.09762222
0.355258 8735.87457054
0.355621 8703.03774950
0.355985 8670.58308185
0.356349 8638.50653184
0.356713 8606.80410528
0.357077 8575.47184950
0.357440 8544.50585340
0.357804 8513.90224739
0.358168 8483.65720424
0.358531 8453.76693548
0.358895 8424.22769668
0.359258 8395.03578380
0.359622 8366.18753396
0.359985 8337.67932537
0.360349 8309.50757718
0.360712 8281.66874937
0.361076 8254.15934261
0.361439 8226.97589810
0.361802 8200.11499741
0.362166 8173.57326236
0.362529 8147.34735474
0.362892 8121.43397627
0.363256 8095.82986827
0.363619 8070.53181158
0.363982 8045.53662630
0.364345 8020.84117157
0.364708 7996.44234544
0.365071 7972.33708454
0.365434 7948.52236397
0.365797 7924.99519700
0.366160 7901.75263489
0.366523 7878.79176732
0.366886 7856.10971942
0.367249 7833.70365569
0.367612 7811.57077695
0.367975 7789.70832084
0.368337 7768.11356159
0.368700 7746.78380972
0.369063 7725.71641188
0.369426 7704.90875054
0.369788 7684.35824380
0.370151 7664.06234511
0.370514 7644.01854308
0.370876 7624.22436119
0.371239 7604.67735758
0.371601 7585.37512481
0.371964 7566.31528962
0.372326 7547.49551269
0.372688 7528.91348844
0.373051 7510.56694475
0.373413 7492.45364277
0.373775 7474.57137668
0.374138 7456.91797348
0.374500 7439.49129327
0.374862 7422.28922697
0.375224 7405.30969920
0.375587 7388.55066604
0.375949 7372.01011527
0.376311 7355.68606625
0.376673 7339.57656965
0.377035 7323.67970727
0.377397 7307.99359187
0.377759 7292.51636697
0.378121 7277.24620667
0.378483 7262.18131544
0.378845 7247.31992800
0.379206 7232.66030910
0.379568 7218.20075338
0.379930 7203.93958520
0.380292 7189.87515849
0.380653 7176.00585661
0.381015 7162.33009218
0.381377 7148.84630696
0.381738 7135.55297170
0.382100 7122.44858604
0.382461 7109.53167874
0.382823 7096.80080605
0.383184 7084.25455390
0.383546 7071.89153625
0.383907 7059.71039541
0.384269 7047.70980190
0.384630 7035.88845438
0.384991 7024.24507962
0.385353 7012.77843238
0.385714 7001.48729534
0.386075 6990.37047909
0.386436 6979.42682206
0.386797 6968.65519046
0.387159 6958.05447828
0.387520 6947.62360724
0.387881 6937.36152679
0.388242 6927.26721408
0.388603 6917.33967400
0.388964 6907.57793913
0.389325 6897.98106981
0.389685 6888.54815414
0.390046 6879.27830799
0.390407 6870.17067512
0.390768 6861.22442741
0.391129 6852.43876392
0.391489 6843.81291252
0.391850 6835.34612894
0.392211 6827.03769711
0.392571 6818.88692926
0.392932 6810.89316605
0.393292 6803.05577666
0.393653 6795.37415898
0.394013 6787.84773969
0.394374 6780.47597447
0.394734 6773.25834816
0.395095 6766.19437490
0.395455 6759.28359838
0.395815 6752.52559201
0.396176 6745.91995913
0.396536 6739.46633329
0.396896 6733.16437845
0.397256 6727.01378922
0.397616 6721.01429120
0.397977 6715.16564120
0.398337 6709.46762758
0.398697 6703.92007070
0.399057 6698.52282260
0.399417 6693.27576834
0.399777 6688.17882568
0.400137 6683.23188857
0.400496 6678.43505946
0.400856 6673.78830837
0.401216 6669.29169724
0.401576 6664.94532287
0.401936 6660.74931749
0.402295 6656.70384914
0.402655 6652.80912225
0.403015 6649.06537806
0.403374 6645.47289524
0.403734 6642.03199036
0.404093 6638.74301850
0.404453 6635.60637386
0.404812 6632.62249029
0.405172 6629.79184201
0.405531 6627.11494416
0.405891 6624.59235357
0.406250 6622.22466936
0.406609 6620.01253379
0.406968 6617.95663265
0.407328 6616.05769651
0.407687 6614.31650112
0.408046 6612.73386836
0.408405 6611.31066704
0.408764 6610.04781372
0.409123 6608.94627359
0.409482 6608.00706138
0.409841 6607.23124225
0.410200 6606.61993272
0.410559 6606.17430167
0.410918 6605.89557129
0.411277 6605.78501808
0.411636 6605.84397393
0.411994 6606.07382712
0.412353 6606.47602344
0.412712 6607.05206726
0.413071 6607.80352269
0.413429 6608.73201468
0.413788 6609.83923025
0.414146 6611.12691963
0.414505 6612.59689750
0.414863 6614.25104418
0.415222 6616.09130708
0.415580 6618.11970165
0.415939 6620.33831293
0.416297 6622.74929678
0.416655 6625.35488118
0.417014 6628.15736765
0.417372 6631.15913255
0.417730 6634.36262848
0.418088 6637.77038565
0.418446 6641.38501331
0.418804 6645.20920112
0.419163 6649.24572057
0.419521 6653.49742641
0.419879 6657.96725805
0.420236 6662.65824098
0.420594 6667.57348821
0.420952 6672.71620161
0.421310 6678.08967340
0.421668 6683.69728744
0.422026 6689.54252066
0.422384 6695.62894440
0.422741 6701.96022551
0.423099 6708.54012840
0.423457 6715.37251521
0.423814 6722.46134775
0.424172 6729.81068845
0.424529 6737.42470155
0.424887 6745.30765410
0.425244 6753.46391702
0.425602 6761.89796595
0.425959 6770.61438217
0.426316 6779.61785334
0.426674 6788.91317415
0.427031 6798.50524692
0.427388 6808.39908201
0.427745 6818.59979821
0.428103 6829.11262286
0.428460 6839.94289199
0.428817 6851.09605015
0.429174 6862.57765020
0.429531 6874.39335283
0.429888 6886.54892595
0.430245 6899.05024383
0.430602 6911.90328570
0.430959 6925.11413594
0.431315 6938.68898033
0.431672 6952.63410570
0.432029 6966.95589751
0.432386 6981.66083750
0.432742 6996.75550099
0.433099 7012.24655384
0.433456 7028.14074916
0.433812 7044.44492352
0.434169 7061.16599291
0.434525 7078.31094815
0.434882 7095.88685004
0.435238 7113.90082393
0.435595 7132.36005388
0.435951 7151.09508501
0.436307 7169.60604460
0.436664 7188.58792878
0.437020 7208.04797816
0.437376 7227.99345642
0.437732 7248.43164126
0.438088 7269.36981468
0.438444 7290.81525276
0.438800 7312.77521398
0.439156 7335.25693032
0.439512 7358.26759101
0.439868 7381.81433220
0.440224 7405.90422263
0.440580 7430.54424920
0.440936 7455.74130189
0.441292 7481.50215779
0.441648 7507.83346456
0.442003 7534.74172291
0.442359 7562.23326854
0.442715 7590.31425310
0.443070 7618.99062452
0.443426 7648.26810651
0.443781 7678.15217729
0.444137 7708.64804763
0.444492 7739.76063803
0.444848 7771.49455531
0.445203 7803.85406841
0.445558 7836.84308351
0.445914 7870.46511855
0.446269 7904.72327708
0.446624 7939.62022052
0.446979 7975.15814510
0.447335 8011.33874786
0.447690 8048.16320270
0.448045 8085.63213075
0.448400 8123.74557159
0.448755 8162.50295418
0.449110 8201.90306760
0.449465 8241.94403182
0.449820 8282.62326840
0.450174 8323.93747133
0.450529 8365.88257810
0.450884 8408.45374111
0.451239 8451.64529946
0.451593 8495.45075137
0.451948 8539.86272720
0.452303 8584.87296339
0.452657 8630.47227723
0.453012 8676.65054279
0.453366 8723.39666804
0.453721 8770.69857336
0.454075 8818.54317156
0.454430 8866.91634955
0.454784 8915.80295041
0.455138 8965.18676468
0.455493 9015.05050922
0.455847 9065.37582289
0.456201 9116.14325740
0.456555 9167.33227212
0.456909 9218.92123169
0.457263 9270.88740635
0.457617 9323.20697534
0.457971 9375.85503331
0.458325 9428.80560001
0.458679 9482.03163324
0.459033 9535.50504518
0.459387 9589.19672222
0.459741 9643.07654841
0.460095 9697.11343236
0.460448 9751.27533792
0.460802 9805.52931848
0.461156 9859.84155489
0.461509 9914.17739711
0.461863 9968.50140947
0.462216 10022.77741948
0.462570 10076.96856858
0.462923 10131.03737442
0.463277 10184.94578017
0.463630 10238.65522335
0.463983 10292.12669953
0.464337 10345.32083053
0.464690 10398.19793534
0.465043 10450.71810348
0.465396 10502.84127070
0.465750 10554.52729660
0.466103 10605.73604412
0.466456 10656.42746041
0.466809 10706.56165901
0.467162 10756.09900284
0.467515 10805.00018790
0.467868 10853.22632710
0.468220 10900.73903419
0.468573 10947.50050720
0.468926 10993.47361121
0.469279 11038.62196008
0.469631 11082.90999679
0.469984 11126.30307200
0.470337 11168.76751942
0.470689 11210.27073501
0.471042 11250.78124091
0.471394 11290.26875910
0.471747 11328.70427539
0.472099 11366.06010119
0.472452 11402.30993145
0.472804 11437.42889865
0.473156 11471.39362251
0.473509 11504.18225528
0.473861 11535.77452242
0.474213 11566.15175860
0.474565 11595.29693873
0.474917 11623.19470416
0.475269 11649.83138373
0.475621 11675.19500983
0.475973 11699.27532933
0.476325 11722.06380942
0.476677 11743.55363843
0.477029 11763.73972162
0.477381 11782.61867210
0.477732 11800.18879690
0.478084 11816.45007838
0.478436 11831.40415072
0.478788 11845.05427415
0.479139 11857.40530066
0.479491 11868.46364019
0.479842 11878.23722078
0.480194 11886.73544574
0.480545 11893.96914741
0.480897 11899.95053806
0.481248 11904.69315787
0.481599 11908.21182056
0.481951 11910.52255668
0.482302 11911.64255502
0.482653 11911.59010237
0.483004 11910.38452178
0.483355 11908.04610980
0.483706 11904.59607279
0.484057 11900.05646269
0.484408 11894.45011239
0.484759 11887.80057104
0.485110 11880.13203951
0.485461 11871.46930620
0.485812 11861.83768342
0.486163 11851.26294498
0.486514 11839.77126303
0.486864 11827.38914935
0.487215 11814.14339478
0.487566 11800.06101174
0.487916 11785.16917798
0.488267 11769.49518219
0.488617 11753.06637140
0.488968 11735.91010038
0.489318 11718.05368307
0.489668 11699.52434611
0.490019 11680.34918462
0.490369 11660.55512010
0.490719 11640.16886069
0.491069 11619.21686362
0.491420 11597.72529999
0.491770 11575.72002187
0.492120 11553.22653162
0.492470 11530.26995353
0.492820 11506.87500766
0.493170 11483.06598589
0.493520 11458.86673016
0.493870 11434.30061356
0.494219 11409.39051970
0.494569 11384.15883165
0.494919 11358.62741521
0.495269 11332.81760797
0.495618 11306.75020925
0.495968 11280.44547190
0.496318 11253.92309568
0.496667 11227.20222221
0.497017 11200.30143152
0.497366 11173.23873991
0.497715 11146.03159918
0.498065 11118.69689721
0.498414 11091.25095957
0.498763 11063.70955241
0.499113 11036.08788624
0.499462 11008.40062075
0.499811 10980.66187050
0.500160 10952.88521139
0.500509 10925.08368794
0.500858 10897.26982114
0.501207 10869.45561703
0.501556 10841.65257576
0.501905 10813.87170193
0.502254 10786.12351137
0.502603 10758.41804636
0.502951 10730.76488311
0.503300 10703.17314348
0.503649 10675.65150622
0.503998 10648.20821833
0.504346 10620.85110655
0.504695 10593.58758903
0.505043 10566.42468697
0.505392 10539.36903639
0.505740 10512.42689978
0.506088 10485.60417783
0.506437 10458.90642108
0.506785 10432.33884141
0.507133 10405.90632356
0.507482 10379.61343641
0.507830 10353.46444415
0.508178 10327.46331737
0.508526 10301.61374384
0.508874 10275.91913918
0.509222 10250.38265737
0.509570 10225.00720170
0.509918 10199.79543180
0.510266 10174.74977799
0.510614 10149.87244783
0.510961 10125.16543619
0.511309 10100.63053437
0.511657 10076.26933891
0.512004 10052.08326025
0.512352 10028.07353101
0.512700 10004.24121417
0.513047 9980.58721087
0.513395 9957.11226803
0.513742 9933.81698574
0.514089 9910.70182432
0.514437 9887.76711127
0.514784 9865.01304783
0.515131 9842.43971545
0.515479 9820.04708190
0.515826 9797.83500725
0.516173 9775.80324960
0.516520 9753.95147052
0.516867 9732.27924043
0.517214 9710.78604422
0.517561 9689.47128362
0.517908 9668.33428574
0.518255 9647.37430490
0.518601 9626.59052767
0.518948 9605.98207692
0.519295 9585.54801574
0.519642 9565.28735126
0.519988 9545.19903819
0.520335 9525.28198230
0.520681 9505.53504365
0.521028 9485.95703974
0.521374 9466.54674852
0.521721 9447.30291118
0.522067 9428.22423488
0.522414 9409.30939532
0.522760 9390.55703920
0.523106 9371.96578655
0.523452 9353.53423292
0.523798 9335.26095149
0.524144 9317.14449507
0.524491 9299.18339800
0.524837 9281.37617793
0.525183 9263.72133801
0.525528 9246.21736647
0.525874 9228.86274121
0.526220 9211.65592922
0.526566 9194.59538837
0.526912 9177.67956876
0.527257 9160.90691392
0.527603 9144.27586191
0.527949 9127.78484645
0.528294 9111.43229787
0.528640 9095.21664412
0.528985 9079.13631161
0.529331 9063.18972611
0.529676 9047.37531347
0.530021 9031.69150040
0.530367 9016.13671516
0.530712 9000.70938818
0.531057 8985.40795271
0.531402 8970.23084534
0.531748 8955.17650654
0.532093 8940.24338116
0.532438 8925.42991889
0.532783 8910.73457510
0.533128 8896.15580950
0.533472 8881.69208914
0.533817 8867.34188695
0.534162 8853.10368257
0.534507 8838.97596257
0.534852 8824.95722072
0.535196 8811.04595829
0.535541 8797.24068420
0.535885 8783.53991529
0.536230 8769.94217645
0.536574 8756.44600083
0.536919 8743.04992999
0.537263 8729.75251403
0.537608 8716.55231170
0.537952 8703.44789056
0.538296 8690.43782705
0.538640 8677.52070657
0.538985 8664.69512360
0.539329 8651.95968173
0.539673 8639.31299378
0.540017 8626.75368177
0.540361 8614.28037742
0.540705 8601.89172067
0.541049 8589.58636193
0.541392 8577.36296067
0.541736 8565.22018575
0.542080 8553.15671551
0.542424 8541.17123772
0.542767 8529.26244964
0.543111 8517.42905801
0.543454 8505.66977905
0.543798 8493.98333848
0.544141 8482.36847150
0.544485 8470.82392280
0.544828 8459.34844657
0.545172 8447.94080648
0.545515 8436.59977565
0.545858 8425.32413673
0.546201 8414.11268179
0.546544 8402.96421238
0.546888 8391.87753951
0.547231 8380.85148365
0.547574 8369.88487469
0.547917 8358.97655198
0.548259 8348.12536464
0.548602 8337.33017022
0.548945 8326.58983670
0.549288 8315.90324117
0.549631 8305.26927012
0.549973 8294.68681951
0.550316 8284.15479471
0.550659 8273.67211053
0.551001 8263.23769122
0.551344 8252.85047051
0.551686 8242.50939155
0.552028 8232.21340698
0.552371 8221.96147893
0.552713 8211.75257902
0.553055 8201.58568836
0.553398 8191.45979764
0.553740 8181.37390704
0.554082 8171.32702635
0.554424 8161.31817494
0.554766 8151.34638180
0.555108 8141.41068555
0.555450 8131.51013450
0.555792 8121.64378695
0.556134 8111.81071004
0.556475 8102.00998156
0.556817 8092.24068883
0.557159 8082.50192896
0.557500 8072.79280899
0.557842 8063.11244582
0.558184 8053.45996633
0.558525 8043.83450740
0.558867 8034.23521594
0.559208 8024.66124893
0.559549 8015.11177349
0.559891 8005.58596692
0.560232 7996.08301672
0.560573 7986.60212069
0.560914 7977.14248691
0.561255 7967.70333385
0.561596 7958.28389041
0.561938 7948.88339593
0.562278 7939.50110028
0.562619 7930.13626391
0.562960 7920.78815788
0.563301 7911.45606421
0.563642 7902.13927482
0.563983 7892.83709323
0.564323 7883.54883351
0.564664 7874.27382063
0.565005 7865.01139047
0.565345 7855.76088992
0.565686 7846.52167688
0.566026 7837.29312034
0.566367 7828.07460043
0.566707 7818.86550846
0.567047 7809.66524695
0.567387 7800.47322971
0.567728 7791.28888187
0.568068 7782.11163990
0.568408 7772.94095169
0.568748 7763.77627657
0.569088 7754.61708534
0.569428 7745.46286033
0.569768 7736.31309543
0.570108 7727.16729610
0.570448 7718.02497944
0.570787 7708.88567418
0.571127 7699.74892100
0.571467 7690.61427148
0.571806 7681.48128972
0.572146 7672.34955131
0.572485 7663.21864360
0.572825 7654.08816569
0.573164 7644.95772850
0.573504 7635.82695474
0.573843 7626.69547892
0.574182 7617.56294737
0.574522 7608.42901821
0.574861 7599.29336139
0.575200 7590.15565866
0.575539 7581.01560357
0.575878 7571.87290142
0.576217 7562.72726933
0.576556 7553.57843613
0.576895 7544.42614241
0.577234 7535.27014044
0.577573 7526.11019418
0.577911 7516.94607923
0.578250 7507.77758281
0.578589 7498.60450397
0.578927 7489.42665247
0.579266 7480.24385039
0.579604 7471.05593095
0.579943 7461.86273876
0.580281 7452.66412975
0.580620 7443.45997111
0.580958 7434.25014124
0.581296 7425.03452965
0.581634 7415.81303694
0.581972 7406.58557467
0.582311 7397.35206532
0.582649 7388.11244218
0.582987 7378.86664930
0.583325 7369.61464136
0.583663 7360.35638361
0.584000 7351.09185175
0.584338 7341.82103185
0.584676 7332.54392023
0.585014 7323.26052338
0.585351 7313.97085780
0.585689 7304.67494996
0.586026 7295.37283611
0.586364 7286.06456248
0.586701 7276.75018405
0.587039 7267.42976607
0.587376 7258.10338283
0.587714 7248.77111780
0.588051 7239.43306352
0.588388 7230.08932143
0.588725 7220.74000176
0.589062 7211.38522337
0.589399 7202.02511359
0.589736 7192.65980812
0.590073 7183.28945085
0.590410 7173.91419369
0.590747 7164.53419646
0.591084 7155.14962671
0.591421 7145.76065956
0.591757 7136.36747755
0.592094 7126.97027046
0.592431 7117.56923518
0.592767 7108.16457552
0.593104 7098.75650204
0.593440 7089.34523190
0.593777 7079.93098899
0.594113 7070.51400256
0.594449 7061.09450884
0.594785 7051.67274965
0.595122 7042.24897257
0.595458 7032.82343075
0.595794 7023.39638271
0.596130 7013.96809221
0.596466 7004.53882805
0.596802 6995.10886388
0.597138 6985.67847806
0.597474 6976.24795345
0.597809 6966.81757726
0.598145 6957.38764087
0.598481 6947.95843964
0.598817 6938.53027274
0.599152 6929.10344300
0.599488 6919.67825669
0.599823 6910.25502340
0.600159 6900.83405582
0.600494 6891.41566958
0.600829 6882.00018311
0.601165 6872.58791771
0.601500 6863.17919628
0.601835 6853.77434484
0.602170 6844.37369121
0.602505 6834.97756517
0.602840 6825.58629825
0.603175 6816.20022360
0.603510 6806.81967584
0.603845 6797.44499084
0.604180 6788.07650564
0.604515 6778.71455822
0.604849 6769.35948742
0.605184 6760.01163272
0.605519 6750.67133413
0.605853 6741.33893204
0.606188 6732.01476704
0.606522 6722.69917985
0.606857 6713.39251107
0.607191 6704.09510114
0.607525 6694.80729017
0.607860 6685.52941776
0.608194 6676.26182294
0.608528 6667.00484399
0.608862 6657.75881861
0.609196 6648.52408269
0.609530 6639.30097184
0.609864 6630.08982014
0.610198 6620.89096037
0.610532 6611.70472380
0.610866 6602.53144017
0.611199 6593.37143751
0.611533 6584.22504208
0.611867 6575.09257823
0.612200 6565.97436833
0.612534 6556.87073265
0.612867 6547.78198928
0.613201 6538.70845402
0.613534 6529.65044030
0.613867 6520.60825909
0.614201 6511.58221884
0.614534 6502.57262534
0.614867 6493.57978168
0.615200 6484.60398820
0.615533 6475.64554235
0.615866 6466.70473867
0.616199 6457.78186896
0.616532 6448.87722118
0.616865 6439.99108094
0.617198 6431.12373042
0.617531 6422.27544855
0.617863 6413.44651097
0.618196 6404.63718996
0.618529 6395.84775441
0.618861 6387.07846975
0.619194 6378.32959793
0.619526 6369.60139736
0.619858 6360.89412290
0.620191 6352.20802575
0.620523 6343.54335351
0.620855 6334.90035009
0.621187 6326.27925566
0.621520 6317.68030670
0.621852 6309.10373589
0.622184 6300.54977214
0.622516 6292.01864056
0.622847 6283.51056242
0.623179 6275.02575514
0.623511 6266.56443256
0.623843 6258.12680386
0.624175 6249.71307512
0.624506 6241.32344826
0.624838 6232.95812133
0.625169 6224.61728843
0.625501 6216.30113981
0.625832 6208.00986176
0.626164 6199.74363670
0.626495 6191.50264314
0.626826 6183.28705567
0.627157 6175.09704500
0.627489 6166.93277796
0.627820 6158.79441749
0.628151 6150.68212266
0.628482 6142.59604868
0.628813 6134.53634694
0.629144 6126.50316496
0.629474 6118.49664649
0.629805 6110.51693145
0.630136 6102.56415601
0.630467 6094.63845255
0.630797 6086.73994974
0.631128 6078.86877276
0.631458 6071.02504240
0.631789 6063.20887648
0.632119 6055.42038894
0.632450 6047.65969011
0.632780 6039.92688674
0.633110 6032.22208200
0.633440 6024.54537554
0.633770 6016.89686352
0.634101 6009.27663861
0.634431 6001.68479004
0.634761 5994.12140366
0.635090 5986.58656191
0.635420 5979.08034392
0.635750 5971.60282550
0.636080 5964.15407918
0.636410 5956.73417428
0.636739 5949.34317689
0.637069 5941.98114996
0.637398 5934.64815330
0.637728 5927.34424363
0.638057 5920.06947464
0.638387 5912.82389719
0.638716 5905.60755854
0.639045 5898.42050365
0.639375 5891.26277439
0.639704 5884.13440973
0.640033 5877.03544587
0.640362 5869.96591620
0.640691 5862.92585138
0.641020 5855.91527937
0.641349 5848.93422549
0.641678 5841.98271243
0.642006 5835.06076030
0.642335 5828.16838668
0.642664 5821.30560665
0.642992 5814.47243284
0.643321 5807.66887549
0.643650 5800.89494242
0.643978 5794.15063916
0.644306 5787.43596894
0.644635 5780.75093272
0.644963 5774.09552928
0.645291 5767.46975521
0.645619 5760.87360519
0.645948 5754.30707119
0.646276 5747.77014376
0.646604 5741.26281123
0.646932 5734.78505995
0.647260 5728.33687437
0.647587 5721.91823702
0.647915 5715.52912861
0.648243 5709.16952803
0.648571 5702.83941239
0.648898 5696.53875710
0.649226 5690.26753583
0.649553 5684.02572064
0.649881 5677.81328195
0.650208 5671.63018860
0.650536 5665.47640790
0.650863 5659.35190564
0.651190 5653.25664617
0.651517 5647.19059238
0.651844 5641.15370578
0.652172 5635.14594653
0.652499 5629.16727344
0.652826 5623.21764406
0.653152 5617.29701486
0.653479 5611.40534054
0.653806 5605.54257517
0.654133 5599.70867150
0.654460 5593.90358114
0.654786 5588.12725463
0.655113 5582.37964146
0.655439 5576.66069011
0.655766 5570.97034807
0.656092 5565.30856187
0.656419 5559.67527714
0.656745 5554.07043859
0.657071 5548.49399011
0.657397 5542.94587473
0.657723 5537.42603469
0.658049 5531.93441146
0.658375 5526.47094580
0.658701 5521.03557771
0.659027 5515.62824655
0.659353 5510.24889100
0.659679 5504.89744914
0.660005 5499.57385844
0.660330 5494.27805594
0.660656 5489.00997770
0.660982 5483.76955971
0.661307 5478.55673731
0.661633 5473.37144540
0.661958 5468.21361842
0.662283 5463.08319040
0.662609 5457.98009498
0.662934 5452.90426543
0.663259 5447.85563469
0.663584 5442.83413537
0.663909 5437.83969981
0.664234 5432.87226004
0.664559 5427.93174788
0.664884 5423.01809489
0.665209 5418.13123245
0.665534 5413.27109174
0.665858 5408.43760380
0.666183 5403.63069951
0.666508 5398.85030964
0.666832 5394.09636485
0.667157 5389.36879574
0.667481 5384.66753297
0.667806 5379.99250674
0.668130 5375.34364768
0.668454 5370.72088623
0.668778 5366.12415288
0.669103 5361.55337815
0.669427 5357.00849260
0.669751 5352.48942688
0.670075 5347.99611170
0.670399 5343.52847790
0.670723 5339.08645642
0.671046 5334.66997835
0.671370 5330.27897494
0.671694 5325.91337760
0.672017 5321.57311793
0.672341 5317.25812772
0.672665 5312.96833900
0.672988 5308.70368400
0.673311 5304.46409523
0.673635 5300.24950544
0.673958 5296.05984766
0.674281 5291.89505521
0.674605 5287.75506171
0.674928 5283.63980123
0.675251 5279.54920778
0.675574 5275.48321611
0.675897 5271.44176118
0.676220 5267.42477834
0.676542 5263.43220329
0.676865 5259.46397216
0.677188 5255.52002147
0.677511 5251.60028815
0.677833 5247.70470957
0.678156 5243.83322355
0.678478 5239.98576834
0.678801 5236.16228267
0.679123 5232.36270575
0.679445 5228.58697726
0.679768 5224.83503740
0.680090 5221.10682685
0.680412 5217.40228683
0.680734 5213.72135908
0.681056 5210.06398588
0.681378 5206.43011006
0.681700 5202.81967500
0.682022 5199.23262478
0.682344 5195.66890371
0.682665 5192.12845702
0.682987 5188.61123043
0.683309 5185.11717027
0.683630 5181.64622348
0.683952 5178.19833763
0.684273 5174.77346091
0.684595 5171.37154217
0.684916 5167.99253090
0.685237 5164.63637726
0.685559 5161.30303207
0.685880 5157.99244683
0.686201 5154.70457372
0.686522 5151.43936563
0.686843 5148.19677613
0.687164 5144.97675951
0.687485 5141.77927079
0.687805 5138.60426571
0.688126 5135.45170072
0.688447 5132.32153304
0.688768 5129.21372065
0.689088 5126.12822234
0.689409 5123.06499742
0.689729 5120.02400625
0.690049 5117.00520987
0.690370 5114.00857010
0.690690 5111.03404957
0.691010 5108.08161172
0.691331 5105.15122079
0.691651 5102.24284183
0.691971 5099.35644075
0.692291 5096.49198426
0.692611 5093.64943993
0.692930 5090.82877617
0.693250 5088.02996226
0.693570 5085.25296833
0.693890 5082.49776539
0.694209 5079.76432532
0.694529 5077.05262091
0.694848 5074.36262582
0.695168 5071.69431463
0.695487 5069.04766280
0.695807 5066.42264675
0.696126 5063.81924379
0.696445 5061.23743226
0.696764 5058.67719119
0.697083 5056.13850081
0.697402 5053.62134222
0.697721 5051.12569747
0.698040 5048.65154961
0.698359 5046.19888264
0.698678 5043.76768156
0.698997 5041.35793237
0.699315 5038.96962207
0.699634 5036.60273865
0.699953 5034.25727117
0.700271 5031.93320966
0.700590 5029.63054521
0.700908 5027.34926998
0.701226 5025.08937714
0.701545 5022.85086095
0.701863 5020.63371672
0.702181 5018.43794086
0.702499 5016.26353085
0.702817 5014.11048529
0.703135 5011.97880385
0.703453 5009.86848740
0.703771 5007.77953775
0.704089 5005.71195803
0.704406 5003.66575243
0.704724 5001.64092632
0.705042 4999.63748622
0.705359 4997.65543982
0.705677 4995.69479598
0.705994 4993.75556479
0.706312 4991.83775750
0.706629 4989.94138660
0.706946 4988.06646580
0.707263 4986.21301003
0.707580 4984.38103547
0.707897 4982.57055957
0.708214 4980.78160104
0.708531 4979.01417985
0.708848 4977.26831729
0.709165 4975.54403592
0.709482 4973.84135965
0.709799 4972.16031368
0.710115 4970.50092456
0.710432 4968.86322026
0.710748 4967.24722992
0.711065 4965.65298425
0.711381 4964.08051527
0.711698 4962.52985640
0.712014 4961.00104250
0.712330 4959.49410983
0.712646 4958.00909612
0.712962 4956.54604051
0.713278 4955.10498367
0.713594 4953.68596771
0.713910 4952.28903625
0.714226 4950.91423444
0.714542 4949.56160895
0.714858 4948.23120798
0.715173 4946.92308131
0.715489 4945.63728029
0.715805 4944.37385786
0.716120 4943.13286858
0.716436 4941.91436862
0.716751 4940.71841581
0.717066 4939.54506963
0.717382 4938.39439123
0.717697 4937.26644351
0.718012 4936.16129097
0.718327 4935.07899994
0.718642 4934.01963848
0.718957 4932.98327640
0.719272 4931.96998533
0.719587 4930.97983868
0.719901 4930.01291170
0.720216 4929.06928149
0.720531 4928.14902703
0.720845 4927.25222918
0.721160 4926.37897071
0.721474 4925.52933632
0.721789 4924.70341270
0.722103 4923.90128847
0.722417 4923.12305429
0.722731 4922.36880283
0.723046 4921.63862880
0.723360 4920.93262901
0.723674 4920.25090233
0.723988 4919.59354978
0.724302 4918.96067451
0.724615 4918.35238186
0.724929 4917.76877934
0.725243 4917.20997670
0.725557 4916.67608595
0.725870 4916.16722137
0.726184 4915.68349954
0.726497 4915.22503937
0.726811 4914.79196216
0.727124 4914.38439156
0.727437 4914.00245368
0.727750 4913.64627705
0.728064 4913.31599269
0.728377 4913.01173414
0.728690 4912.73363748
0.729003 4912.48184134
0.729316 4912.25648700
0.729629 4912.05771833
0.729941 4911.88568191
0.730254 4911.74052701
0.730567 4911.62240564
0.730879 4911.53147258
0.731192 4911.46788543
0.731504 4911.43180463
0.731817 4911.42339349
0.732129 4911.44281825
0.732441 4911.49024811
0.732754 4911.56585525
0.733066 4911.66981489
0.733378 4911.80230530
0.733690 4911.96350789
0.734002 4912.15360718
0.734314 4912.37279092
0.734626 4912.62125006
0.734938 4912.89917884
0.735249 4913.20677478
0.735561 4913.54423880
0.735873 4913.91177518
0.736184 4914.30959168
0.736496 4914.73789950
0.736807 4915.19691340
0.737118 4915.68685173
0.737430 4916.20793641
0.737741 4916.76039309
0.738052 4917.34445108
0.738363 4917.96034348
0.738674 4918.60830719
0.738985 4919.28858299
0.739296 4920.00141554
0.739607 4920.74705346
0.739918 4921.52574939
0.740228 4922.33776001
0.740539 4923.18334611
0.740850 4924.06277265
0.741160 4924.97630878
0.741471 4925.92422794
0.741781 4926.90680785
0.742092 4927.92433064
0.742402 4928.97708281
0.742712 4930.06535539
0.743022 4931.18944390
0.743332 4932.34964846
0.743642 4933.54627384
0.743952 4934.77962947
0.744262 4936.05002958
0.744572 4937.35779316
0.744882 4938.70324410
0.745192 4940.08671118
0.745501 4941.50852814
0.745811 4942.96903386
0.746120 4944.46857220
0.746430 4946.00749219
0.746739 4947.58614809
0.747049 4949.20489941
0.747358 4950.86411098
0.747667 4952.56415300
0.747976 4954.30540112
0.748285 4956.08823648
0.748594 4957.91304576
0.748903 4959.78022126
0.749212 4961.69016093
0.749521 4963.64326845
0.749830 4965.63995328
0.750138 4967.68063069
0.750447 4969.76572187
0.750756 4971.89565393
0.751064 4974.07085999
0.751373 4976.29177920
0.751681 4978.55885684
0.751989 4980.87254433
0.752297 4983.23329930
0.752606 4985.64158556
0.752914 4988.09787346
0.753222 4990.55650301
0.753530 4993.00820331
0.753838 4995.50970747
0.754146 4998.06150593
0.754453 5000.66409572
0.754761 5003.31798047
0.755069 5006.02367049
0.755376 5008.78168279
0.755684 5011.59254113
0.755992 5014.45677602
0.756299 5017.37492478
0.756606 5020.34753157
0.756914 5023.37514738
0.757221 5026.45833012
0.757528 5029.59764456
0.757835 5032.79366241
0.758142 5036.04696231
0.758449 5039.35812984
0.758756 5042.72775753
0.759063 5046.15644489
0.759370 5049.64479824
0.759676 5053.19343120
0.759983 5056.80296402
0.760290 5060.47402398
0.760596 5064.20724528
0.760903 5068.00326901
0.761209 5071.86274315
0.761515 5075.78632249
0.761821 5079.77466865
0.762128 5083.82844999
0.762434 5087.94834158
0.762740 5092.13502515
0.763046 5096.38918902
0.763352 5100.71152805
0.763658 5105.10274352
0.763963 5109.56354311
0.764269 5114.09464076
0.764575 5118.69675658
0.764880 5123.37061677
0.765186 5128.11695349
0.765491 5132.93650472
0.765797 5137.83001416
0.766102 5142.79823090
0.766408 5147.84190992
0.766713 5152.96181097
0.767018 5158.15869905
0.767323 5163.43334403
0.767628 5168.78652049
0.767933 5174.21900751
0.768238 5179.73158844
0.768543 5185.32505067
0.768847 5191.00018541
0.769152 5196.75778741
0.769457 5202.59865471
0.769761 5208.52358834
0.770066 5214.53339204
0.770370 5220.62887193
0.770675 5226.81083623
0.770979 5233.08009486
0.771283 5239.43745910
0.771587 5245.88374126
0.771891 5252.41975424
0.772195 5259.04631114
0.772499 5265.76422486
0.772803 5272.57430762
0.773107 5279.47737033
0.773411 5286.47422291
0.773715 5293.56567259
0.774018 5300.75252419
0.774322 5308.03557938
0.774625 5315.41563617
0.774929 5322.89348827
0.775232 5330.46992456
0.775536 5338.14572842
0.775839 5345.92167714
0.776142 5353.79854123
0.776445 5361.77708377
0.776748 5369.85805967
0.777051 5378.04221499
0.777354 5386.33028617
0.777657 5394.72299926
0.777960 5403.22106916
0.778262 5411.82519878
0.778565 5420.53607819
0.778868 5429.35438382
0.779170 5438.28077751
0.779473 5447.31590565
0.779775 5456.46039798
0.780077 5465.71486770
0.780380 5475.07990888
0.780682 5484.55609658
0.780984 5494.14398551
0.781286 5503.84410901
0.781588 5513.65697801
0.781890 5523.58307992
0.782192 5533.62287752
0.782494 5543.77680787
0.782795 5554.04528110
0.783097 5564.42867933
0.783399 5574.92735539
0.783700 5585.54163169
0.784002 5596.27179896
0.784303 5607.11811500
0.784604 5618.08080346
0.784905 5629.16005255
0.785207 5640.35601374
0.785508 5651.66880047
0.785809 5663.09848686
0.786110 5674.64510634
0.786411 5686.30865001
0.786712 5698.08906666
0.787012 5709.98625936
0.787313 5722.00008548
0.787614 5734.13035499
0.787914 5746.37682907
0.788215 5758.73921880
0.788515 5771.21718374
0.788816 5783.81033064
0.789116 5796.51821200
0.789416 5809.34032481
0.789716 5822.27610914
0.790017 5835.32494686
0.790317 5848.48616031
0.790617 5861.75901099
0.790917 5875.14269831
0.791216 5888.63635829
0.791516 5902.23906237
0.791816 5915.94981616
0.792116 5929.76755828
0.792415 5943.69115921
0.792715 5957.71942014
0.793014 5971.85107195
0.793313 5986.08477367
0.793613 6000.41911326
0.793912 6014.85260403
0.794211 6029.38368551
0.794510 6044.01072208
0.794809 6058.73200228
0.795108 6073.54573796
0.795407 6088.45006369
0.795706 6103.44303606
0.796005 6118.52263319
0.796304 6133.68675422
0.796602 6148.93321889
0.796901 6164.25976724
0.797199 6179.66405929
0.797498 6195.14367493
0.797796 6210.69611378
0.798094 6226.31879521
0.798393 6242.00905840
0.798691 6257.76416253
0.798989 6273.58128702
0.799287 6289.45753193
0.799585 6305.38991841
0.799883 6321.37538875
0.800181 6337.41040674
0.800478 6353.49256386
0.800776 6369.61816883
0.801074 6385.78385751
0.801371 6401.98619183
0.801669 6418.22166090
0.801966 6434.48668239
0.802263 6450.77760390
0.802561 6467.09070453
0.802858 6483.42219651
0.803155 6499.76822696
0.803452 6516.12487976
0.803749 6532.48817751
0.804046 6548.85408368
0.804343 6565.21850475
0.804640 6581.57729255
0.804936 6597.92624668
0.805233 6614.26111706
0.805530 6630.57760649
0.805826 6646.87137347
0.806123 6663.13803495
0.806419 6679.37316887
0.806715 6695.57231901
0.807012 6711.73099529
0.807308 6727.84467887
0.807604 6743.90882496
0.807900 6759.91886618
0.808196 6775.87021599
0.808492 6791.75827226
0.808788 6807.57842079
0.809083 6823.32603896
0.809379 6838.99649946
0.809675 6854.58517403
0.809970 6870.08743723
0.810266 6885.49867033
0.810561 6900.81426511
0.810857 6916.02962785
0.811152 6931.14018317
0.811447 6946.14137802
0.811742 6961.02868561
0.812037 6975.79760940
0.812332 6990.44368698
0.812627 7004.96249410
0.812922 7019.34964851
0.813217 7033.60081351
0.813512 7047.71170348
0.813806 7061.67808519
0.814101 7075.49578327
0.814395 7089.16068358
0.814690 7102.66873684
0.814984 7116.01596232
0.815279 7129.19845135
0.815573 7142.21237083
0.815867 7155.05396664
0.816161 7167.71956695
0.816455 7180.20558545
0.816749 7192.50852448
0.817043 7204.62497804
0.817337 7216.55163474
0.817631 7228.28528057
0.817924 7239.82280160
0.818218 7251.16118656
0.818511 7262.29752925
0.818805 7273.22903083
0.819098 7283.95300207
0.819392 7294.46686528
0.819685 7304.76815597
0.819978 7314.85452583
0.820271 7324.72374242
0.820564 7334.37369194
0.820857 7343.80238018
0.821150 7353.00793370
0.821443 7361.98860081
0.821736 7370.74275247
0.822029 7379.26888293
0.822321 7387.56561031
0.822614 7395.63167702
0.822906 7403.46594992
0.823199 7411.06742050
0.823491 7418.43520476
0.823783 7425.56854304
0.824076 7432.46679964
0.824368 7439.12946230
0.824660 7445.55614163
0.824952 7451.74657024
0.825244 7457.70060189
0.825536 7463.41821040
0.825828 7468.89948848
0.826119 7474.14464625
0.826411 7479.15401048
0.826702 7483.92802203
0.826994 7488.46723485
0.827285 7492.77231407
0.827577 7496.84403408
0.827868 7500.68327656
0.828159 7504.29102841
0.828451 7507.66837958
0.828742 7510.81652081
0.829033 7513.73674129
0.829324 7516.43042627
0.829615 7518.89905455
0.829905 7521.14419594
0.830196 7523.16750866
0.830487 7524.97073668
0.830777 7526.55570699
0.831068 7527.92432685
0.831358 7529.07858100
0.831649 7530.02052883
0.831939 7530.75230150
0.832229 7531.27609910
0.832520 7531.59418769
0.832810 7531.70889643
0.833100 7531.62261465
0.833390 7531.33778888
0.833680 7530.85691996
0.833969 7530.18256010
0.834259 7529.31730999
0.834549 7528.26381583
0.834838 7527.02476651
0.835128 7525.60289071
0.835417 7524.00095408
0.835707 7522.22175639
0.835996 7520.26812877
0.836285 7518.14293098
0.836575 7515.84904866
0.836864 7513.38939070
0.837153 7510.76688658
0.837442 7507.98448382
0.837731 7505.04514541
0.838020 7501.95184738
0.838308 7498.70757633
0.838597 7495.31532707
0.838886 7491.77810031
0.839174 7488.09890048
0.839463 7484.28073316
0.839751 7480.32660349
0.840039 7476.23951377
0.840328 7472.02246145
0.840616 7467.67843726
0.840904 7463.21042327
0.841192 7458.62139107
0.841480 7453.91430006
0.841768 7449.09209567
0.842056 7444.15770782
0.842343 7439.11404928
0.842631 7433.96401422
0.842919 7428.71047677
0.843206 7423.35628964
0.843494 7417.90428279
0.843781 7412.35726224
0.844068 7406.71800886
0.844356 7400.98927725
0.844643 7395.17379470
0.844930 7389.27426019
0.845217 7383.29334345
0.845504 7377.23368428
0.845791 7371.09789096
0.846078 7364.88854065
0.846365 7358.60817790
0.846651 7352.25931420
0.846938 7345.84442738
0.847224 7339.36596106
0.847511 7332.82632416
0.847797 7326.22789043
0.848084 7319.57299808
0.848370 7312.86394941
0.848656 7306.10301051
0.848942 7299.29241097
0.849228 7292.43434368
0.849514 7285.53096467
0.849800 7278.58439289
0.850086 7271.59671021
0.850372 7264.56996126
0.850657 7257.50615346
0.850943 7250.40725697
0.851228 7243.27520478
0.851514 7236.11189272
0.851799 7228.91917959
0.852084 7221.69888748
0.852370 7214.45280107
0.852655 7207.18266909
0.852940 7199.89020365
0.853225 7192.57708072
0.853510 7185.24494031
0.853795 7177.89538679
0.854080 7170.52998914
0.854364 7163.15028128
0.854649 7155.75776238
0.854934 7148.35389720
0.855218 7140.94011642
0.855503 7133.51781707
0.855787 7126.08836283
0.856071 7118.65308447
0.856355 7111.21328025
0.856640 7103.77021632
0.856924 7096.32512716
0.857208 7088.87921598
0.857492 7081.43365520
0.857775 7073.98958688
0.858059 7066.54812316
0.858343 7059.11034693
0.858627 7051.67731147
0.858910 7044.25004215
0.859194 7036.82953610
0.859477 7029.41676286
0.859760 7022.01266485
0.860044 7014.61815787
0.860327 7007.23413156
0.860610 6999.86144989
0.860893 6992.50095163
0.861176 6985.15345082
0.861459 6977.81973726
0.861742 6970.50057698
0.862024 6963.19671272
0.862307 6955.90886437
0.862590 6948.63772950
0.862872 6941.38398374
0.863155 6934.14828134
0.863437 6926.93125554
0.863719 6919.73351909
0.864002 6912.55566466
0.864284 6905.39826532
0.864566 6898.26187496
0.864848 6891.14702894
0.865130 6884.05424368
0.865412 6876.98401839
0.865694 6869.93683458
0.865975 6862.91315677
0.866257 6855.91343283
0.866539 6848.93809442
0.866820 6841.98755741
0.867102 6835.06222223
0.867383 6828.16247431
0.867664 6821.28868443
0.867945 6814.44120909
0.868227 6807.62039092
0.868508 6800.82655902
0.868789 6794.06002933
0.869070 6787.32110495
0.869350 6780.61007656
0.869631 6773.92722269
0.869912 6767.27281008
0.870192 6760.64709403
0.870473 6754.05031869
0.870753 6747.48271740
0.871034 6740.94451318
0.871314 6734.43591827
0.871594 6727.95713558
0.871875 6721.50835824
0.872155 6715.08977002
0.872435 6708.70154566
0.872715 6702.34385115
0.872995 6696.01684395
0.873274 6689.72067330
0.873554 6683.45548045
0.873834 6677.22139895
0.874113 6671.01855483
0.874393 6664.84706691
0.874672 6658.70704699
0.874952 6652.59860009
0.875231 6646.52182471
0.875510 6640.47681298
0.875789 6634.46365094
0.876068 6628.48241871
0.876347 6622.53319071
0.876626 6616.61603586
0.876905 6610.73101777
0.877184 6604.87819508
0.877463 6599.05762100
0.877741 6593.26934449
0.878020 6587.51340976
0.878298 6581.78985662
0.878577 6576.09872061
0.878855 6570.44003321
0.879133 6564.81382197
0.879411 6559.22011066
0.879689 6553.65891944
0.879967 6548.13026498
0.880245 6542.63416064
0.880523 6537.17061656
0.880801 6531.73963981
0.881079 6526.34123456
0.881356 6520.97540213
0.881634 6515.64214118
0.881911 6510.34144779
0.882189 6505.07331559
0.882466 6499.83773588
0.882743 6494.63469771
0.883021 6489.46418802
0.883298 6484.32619170
0.883575 6479.22069189
0.883852 6474.14766944
0.884129 6469.10710389
0.884405 6464.09897300
0.884682 6459.12325297
0.884959 6454.17991851
0.885235 6449.26894291
0.885512 6444.39029818
0.885788 6439.54395505
0.886065 6434.72988309
0.886341 6429.94805074
0.886617 6425.19842542
0.886893 6420.48097358
0.887169 6415.79566075
0.887445 6411.14245158
0.887721 6406.52130997
0.887997 6401.93219904
0.888273 6397.37508123
0.888549 6392.84991834
0.888824 6388.35667157
0.889100 6383.89530157
0.889375 6379.46576850
0.889651 6375.06803216
0.889926 6370.70205154
0.890201 6366.36778565
0.890476 6362.06519298
0.890751 6357.79423172
0.891026 6353.55485975
0.891301 6349.34703470
0.891576 6345.17071395
0.891851 6341.02585466
0.892126 6336.91241381
0.892400 6332.83034820
0.892675 6328.77961447
0.892949 6324.76016913
0.893224 6320.77196858
0.893498 6316.81496907
0.893772 6312.88912680
0.894046 6308.99439785
0.894321 6305.13073823
0.894595 6301.29810388
0.894869 6297.49645066
0.895142 6293.72573436
0.895416 6289.98591071
0.895690 6286.27693549
0.895964 6282.59876406
0.896237 6278.95135205
0.896511 6275.33465490
0.896784 6271.74862796
0.897057 6268.19322648
0.897331 6264.66840560
0.897604 6261.17412037
0.897877 6257.71032567
0.898150 6254.27697626
0.898423 6250.87402673
0.898696 6247.50143148
0.898968 6244.15914472
0.899241 6240.84712043
0.899514 6237.56531235
0.899786 6234.31367396
0.900059 6231.09215844
0.900331 6227.90071863
0.900604 6224.73930706
0.900876 6221.60787584
0.901148 6218.50637671
0.901420 6215.43476094
0.901692 6212.39297934
0.901964 6209.38098229
0.902236 6206.39871936
0.902508 6203.44613981
0.902780 6200.52319217
0.903051 6197.62982432
0.903323 6194.76598344
0.903594 6191.93161594
0.903866 6189.12666747
0.904137 6186.35108283
0.904408 6183.60480592
0.904680 6180.88777972
0.904951 6178.19994626
0.905222 6175.54124651
0.905493 6172.91162036
0.905763 6170.31100660
0.906034 6167.73934280
0.906305 6165.19656532
0.906576 6162.68260922
0.906846 6160.19740822
0.907117 6157.74089462
0.907387 6155.31299928
0.907657 6152.91365154
0.907928 6150.54277922
0.908198 6148.20030830
0.908468 6145.88616329
0.908738 6143.60026685
0.909008 6141.34253982
0.909278 6139.11290119
0.909548 6136.91126798
0.909817 6134.73755522
0.910087 6132.59167584
0.910357 6130.47354068
0.910626 6128.38305836
0.910896 6126.32013524
0.911165 6124.28467536
0.911434 6122.27658035
0.911703 6120.29574943
0.911972 6118.34207925
0.912241 6116.41546390
0.912510 6114.51579482
0.912779 6112.64296075
0.913048 6110.79684762
0.913317 6108.97733855
0.913585 6107.18431374
0.913854 6105.41765048
0.914122 6103.67722287
0.914391 6101.96290208
0.914659 6100.27455607
0.914927 6098.61204959
0.915196 6096.97524413
0.915464 6095.36399783
0.915732 6093.77816546
0.916000 6092.21759832
0.916267 6090.68214424
0.916535 6089.17164748
0.916803 6087.68594869
